function [pima, Mapping] = GetPIMA()
%% get pima code
pima = [1,6,6,6,6,6,6,3,6,6,6,6,6,6,4,4,4,6,6,6,1;
		6,1,5,5,6,4,4,6,6,6,6,3,6,6,6,5,5,6,6,6,1;
		6,5,1,3,6,5,4,6,6,6,6,5,6,6,6,5,5,6,6,6,1;
		6,5,3,1,6,5,3,6,6,6,6,5,6,6,6,5,5,6,6,6,1;
		6,6,6,6,1,6,6,6,6,5,5,6,5,5,6,6,6,5,5,5,1;
		6,4,5,5,6,1,3,6,6,6,6,4,6,6,6,5,5,6,6,6,1;
		6,4,4,3,6,3,1,6,6,6,6,4,6,6,6,5,5,6,6,6,1;
		3,6,6,6,6,6,6,1,6,6,6,6,6,6,4,4,4,6,6,6,1;
		6,6,6,6,6,6,6,6,1,6,6,6,6,4,6,6,6,4,4,6,1;
		6,6,6,6,5,6,6,6,6,1,4,6,4,5,6,6,6,5,5,3,1;
		6,6,6,6,5,6,6,6,6,4,1,6,3,5,6,6,6,5,5,4,1;
		6,3,5,5,6,4,4,6,6,6,6,1,6,6,6,5,5,6,6,6,1;
		6,6,6,6,5,6,6,6,6,4,3,6,1,5,6,6,6,5,5,4,1;
		6,6,6,6,5,6,6,6,4,5,5,6,5,1,6,6,6,3,3,5,1;
		4,6,6,6,6,6,6,4,6,6,6,6,6,6,1,4,4,6,6,6,1;
		4,5,5,5,6,5,5,4,6,6,6,5,6,6,4,1,3,6,6,6,1;
		4,5,5,5,6,5,5,4,6,6,6,5,6,6,4,3,1,6,6,6,1;
		6,6,6,6,5,6,6,6,4,5,5,6,5,3,6,6,6,1,3,5,1;
		6,6,6,6,5,6,6,6,4,5,5,6,5,3,6,6,6,3,1,5,1;
		6,6,6,6,5,6,6,6,6,3,4,6,4,5,6,6,6,5,5,1,1;
		1,1,1,1,1,1,1,1,1,1,1,1,1,1,1,1,1,1,1,1,1];
pima = pima - 1;
Mapping = 'ARNDCQEGHILKMFPSTWYVX';